1.0 0.34970182180404663 0.6877279877662659 0.10751610994338989 0.2721060514450073
7.0 0.58134526014328 0.19219309091567993 0.08878326416015625 0.2559366822242737
9.0 0.6773794293403625 0.46634653210639954 0.15901899337768555 0.215298593044281
6.0 0.3992414176464081 0.2242744117975235 0.1127968430519104 0.19525066018104553
0.0 0.27011874318122864 0.24670185893774033 0.08905011415481567 0.1715039759874344
8.0 0.2389511913061142 0.771767795085907 0.08905014395713806 0.13456463813781738
5.0 0.5402374714612961 0.767810046672821 0.11279681324958801 0.21108174324035645
1.0 0.34624943137168884 0.6821144819259644 0.11326766014099121 0.2516167163848877
3.0 0.4895689785480499 0.4593103379011154 0.06672412157058716 0.11586204171180725
3.0 0.3929741382598877 0.4531034380197525 0.06284481287002563 0.11724135279655457
