9.0 0.6766213085172947 0.4794866951493815 0.1607076066856986 0.20261561391402216
6.0 0.3952378258765036 0.21547072073879084 0.11811823525072013 0.21621945444722873
5.0 0.5329313352197343 0.764640058825657 0.12503787013169904 0.1932091907588609
1.0 0.368134324143344 0.7443310848852754 0.1283372562127204 0.30085601251079086
0.0 0.2771650503185452 0.21331277561161166 0.09019143540132546 0.14164580935059298
9.0 0.6766213085172947 0.4794866951493815 0.1607076066856986 0.20261561391402216
6.0 0.3952378258765036 0.21547072073879084 0.11811823525072013 0.21621945444722873
5.0 0.5329313352197343 0.764640058825657 0.12503787013169904 0.1932091907588609
1.0 0.368134324143344 0.7443310848852754 0.1283372562127204 0.30085601251079086
0.0 0.2771650503185452 0.21331277561161166 0.09019143540132546 0.14164580935059298
7.0 0.5386594763653804 0.21409853641196425 0.119287546506466 0.29006499164260446
3.0 0.3883235244173548 0.46187426326373265 0.06662235546594564 0.134142088418996
3.0 0.4861266147002862 0.46134536893830164 0.06664981621546112 0.13733154679070225
