9.0 0.6711430125564213 0.4197377482242819 0.17620723800237326 0.24508373514126153
6.0 0.36652807895524453 0.25640141847112025 0.1356218500536545 0.24621850552896987
5.0 0.5608280308124296 0.7485313810651248 0.1403270077396535 0.22560950307286365
1.0 0.39689324764421535 0.7847013997547844 0.15334244069706926 0.3322606157333132
0.0 0.25040798989389285 0.294479852381255 0.10142687684858828 0.1649754005607262
7.0 0.5071476660696098 0.2062284693686043 0.14347609715279291 0.3190669814767924
3.0 0.38628350615773854 0.5005987434688333 0.07760171441885638 0.15084254015018123
3.0 0.48221961680590675 0.466783762755921 0.0779183196972868 0.15398232096710418
7.0 0.5071476660696098 0.2062284693686043 0.14347609715279291 0.3190669814767924
3.0 0.38628350615773854 0.5005987434688333 0.07760171441885638 0.15084254015018123
3.0 0.48221961680590675 0.466783762755921 0.0779183196972868 0.15398232096710418
