1.0 0.6144484231666489 0.7670483006729553 0.12978881342064785 0.2744373684098007
3.0 0.5131623722245624 0.46189513701631624 0.07422139096122138 0.1295501090269759
3.0 0.6094550032373969 0.4768202273856179 0.07046664004767511 0.1300721827017679
6.0 0.6230501072809609 0.24215008569990248 0.10833953544953678 0.20579827386612323
7.0 0.43661306221998575 0.1819198909014018 0.1095115776566935 0.24299523606244716
9.0 0.3197118731459479 0.433244477013238 0.18965708618101218 0.24120685707240969
5.0 0.44442521533369916 0.7643519979126687 0.1283593193044375 0.21020162418213661
0.0 0.7428314487657007 0.26780076629078337 0.1032353652536202 0.20871938901196482
1.0 0.6144484231666489 0.7670483006729553 0.12978881342064785 0.2744373684098007
3.0 0.5131623722245624 0.46189513701631624 0.07422139096122138 0.1295501090269759
3.0 0.6094550032373969 0.4768202273856179 0.07046664004767511 0.1300721827017679
6.0 0.6230501072809609 0.24215008569990248 0.10833953544953678 0.20579827386612323
7.0 0.43661306221998575 0.1819198909014018 0.1095115776566935 0.24299523606244716
9.0 0.3197118731459479 0.433244477013238 0.18965708618101218 0.24120685707240969
5.0 0.44442521533369916 0.7643519979126687 0.1283593193044375 0.21020162418213661
0.0 0.7428314487657007 0.26780076629078337 0.1032353652536202 0.20871938901196482
