3.0 0.487467120408656 0.4612301472623074 0.07254568947682227 0.1264825490338774
3.0 0.3909709151809012 0.47116588778184676 0.06875631031697166 0.1272085747326781
6.0 0.38122397522720425 0.23589165705248183 0.10561166501900354 0.20143566920809053
7.0 0.5685682052651483 0.18533487273316157 0.10616379921191488 0.23882641430303062
9.0 0.681304760760594 0.44260245361953787 0.18689177444920857 0.2327493391797682
5.0 0.5512228467520313 0.7671159037661834 0.12569503302421559 0.20480114979169295
0.0 0.26107342558399815 0.2553329259632841 0.10042300628115733 0.2046492597554622
1.0 0.381227522720593 0.7610125742932917 0.1260499357502689 0.2694032662117041
3.0 0.487467120408656 0.4612301472623074 0.07254568947682227 0.1264825490338774
3.0 0.3909709151809012 0.47116588778184676 0.06875631031697166 0.1272085747326781
6.0 0.38122397522720425 0.23589165705248183 0.10561166501900354 0.20143566920809053
7.0 0.5685682052651483 0.18533487273316157 0.10616379921191488 0.23882641430303062
9.0 0.681304760760594 0.44260245361953787 0.18689177444920857 0.2327493391797682
5.0 0.5512228467520313 0.7671159037661834 0.12569503302421559 0.20480114979169295
0.0 0.26107342558399815 0.2553329259632841 0.10042300628115733 0.2046492597554622
