9.0 0.6667930020856013 0.3947002628811178 0.18239756411953723 0.26447557973972785
6.0 0.3555896633810586 0.2769895554317524 0.1432604905812438 0.2591693023275006
5.0 0.5722492210813569 0.7386717638611735 0.1467756826069903 0.24000919874810533
1.0 0.4105757853120059 0.7989659085866416 0.1646679280495572 0.3450563534711284
0.0 0.24165443799390196 0.3321126555332759 0.10618310387300786 0.17531794892067007
7.0 0.4933733666707756 0.20618986635195183 0.1544813887021697 0.33075876503947627
3.0 0.38670585714174477 0.5174178312335759 0.0824695165638542 0.1579114085176348
3.0 0.48072663907764734 0.4695290533879586 0.08293197646626133 0.16099346884250765
7.0 0.4933733666707756 0.20618986635195183 0.1544813887021697 0.33075876503947627
3.0 0.38670585714174477 0.5174178312335759 0.0824695165638542 0.1579114085176348
3.0 0.48072663907764734 0.4695290533879586 0.08293197646626133 0.16099346884250765
