7 0.5813452858690807 0.19219309779376853 0.08878321251093826 0.2559366754617421
9 0.6773794320237725 0.4663465439038639 0.15901898734176964 0.21529859499079618
6 0.3992414248021109 0.22427440633245382 0.11279683377308708 0.19525065963060684
0 0.27011873337963993 0.24670184728438527 0.08905013218530958 0.1715039571462694
8 0.23895118694630932 0.771767807476898 0.08905013192612138 0.1345646437994722
5 0.5402374675368474 0.7678100273412819 0.11279683429146405 0.2110817918582205
7 0.5813452858690807 0.19219309779376853 0.08878321251093826 0.2559366754617421
9 0.6773794320237725 0.4663465439038639 0.15901898734176964 0.21529859499079618
6 0.3992414248021109 0.22427440633245382 0.11279683377308708 0.19525065963060684
0 0.27011873337963993 0.24670184728438527 0.08905013218530958 0.1715039571462694
8 0.23895118694630932 0.771767807476898 0.08905013192612138 0.1345646437994722
5 0.5402374675368474 0.7678100273412819 0.11279683429146405 0.2110817918582205
1 0.34624943135292524 0.6821144572832316 0.1132676735510875 0.2516167773632972
3 0.48956896551724133 0.4593103448275862 0.06672413793103445 0.11586206896551722
3 0.3929741379310341 0.4531034482758618 0.0628448275862066 0.11724137931034441
