4.0 0.7793108394872916 0.48616963496079746 0.09832250974109347 0.17667448010509795
4.0 0.6778680045062664 0.43338792644412977 0.10761288979791128 0.2147984109289206
4.0 0.6909794283203676 0.7732847494610581 0.14129436168100307 0.28782907455227846
4.0 0.7824173994602364 0.8233791481999488 0.0826925183638858 0.17049550827062088
7.0 0.6756599117260187 0.1916226697894774 0.08911450619731398 0.21667247666675804
3.0 0.6096391458673917 0.5084774491484003 0.07476030402156209 0.12257310426052481
3.0 0.5159353139119113 0.4650944162550724 0.0747603003826472 0.12257307516880606
9.0 0.3295071769099635 0.4047066256889763 0.19059663112810876 0.26368146727212466
5.0 0.5232777210986487 0.7114250995710523 0.07861057525185805 0.1172050257984305
5.0 0.5232777210986487 0.7114250995710523 0.07861057525185805 0.1172050257984305
