5.0 0.5238302579774619 0.7738484567474633 0.12481685749910137 0.23133320883275021
3.0 0.39615841400229906 0.4336398826657553 0.06948782571124024 0.12764957560258572
6.0 0.4171919323550922 0.2068517212680662 0.1222389392814523 0.21687911594167747
7.0 0.5993441224715714 0.2091313374929385 0.10412570393365572 0.2711617582045017
3.0 0.4921473350881691 0.4574886097520616 0.07294934965925931 0.1276016641647632
1.0 0.3368341412291458 0.6424089364428669 0.12806850305435635 0.27200203563567216
9.0 0.6789251910501761 0.49955453195050953 0.17166730420641718 0.24515143970834508
0.0 0.28702375806778374 0.20814393496306907 0.09357594479949782 0.17880432701130894
8.0 0.22830338138829298 0.7258345978722662 0.09591122023181209 0.15461855301752025
1.0 0.3415277379948314 0.7018993822063389 0.14949697532473688 0.3250824458473307
