5.0 0.5400769710540771 0.7678290009498596 0.11337399482727051 0.21102499961853027
6.0 0.4000450074672699 0.22429199516773224 0.11092400550842285 0.19672301411628723
3.0 0.3926660120487213 0.4540959745645523 0.06300902366638184 0.11600598692893982
7.0 0.5814489722251892 0.19179701060056686 0.08934509754180908 0.25561000406742096
3.0 0.48979000747203827 0.4592039883136749 0.06635621190071106 0.11592000722885132
1.0 0.3463340103626251 0.6729310154914856 0.11332601308822632 0.2531900405883789
0.0 0.26883598417043686 0.2465520054101944 0.08694298565387726 0.17042401432991028
9.0 0.6777570247650146 0.4657779783010483 0.15903806686401367 0.21557298302650452
8.0 0.25048699229955673 0.7563740015029907 0.07107909023761749 0.0998077392578125
1.0 0.3548240065574646 0.7368280291557312 0.13301002979278564 0.3111189603805542
